55   65   97   1    80   7    56   75   29   38   80   2    12   71   84   85   88   83   84   40   45   7    72   34   54   40   100  40   39   69   84   6    7    15   73   88   77   5    21   52   69   40   8    94   57   48   31   32   84   20   
the max is 100
the min is 1
after sort
100  97   94   88   88   85   84   84   84   84   83   80   80   77   75   73   72   71   69   69   65   57   56   55   54   52   48   45   40   40   40   40   39   38   34   32   31   29   21   20   15   12   8    7    7    7    6    5    2    1    
after reverse
1    2    5    6    7    7    7    8    12   15   20   21   29   31   32   34   38   39   40   40   40   40   45   48   52   54   55   56   57   65   69   69   71   72   73   75   77   80   80   83   84   84   84   84   85   88   88   94   97   100  
the 15 is in the order 15
36   95   8    6    66   12   88   33   85   95   90   5    52   67   49   85   24   80   2    66   76   31   60   10   91   6    24   14   17   55   24   42   22   83   83   60   40   61   94   10   27   7    62   76   33   92   9    25   46   70   
the max is 95
the min is 2
after sort
95   95   94   92   91   90   88   85   85   83   83   80   76   76   70   67   66   66   62   61   60   60   55   52   49   46   42   40   36   33   33   31   27   25   24   24   24   22   17   14   12   10   10   9    8    7    6    6    5    2    
after reverse
2    5    6    6    7    8    9    10   10   12   14   17   22   24   24   24   25   27   31   33   33   36   40   42   46   49   52   55   60   60   61   62   66   66   67   70   76   76   80   83   83   85   85   88   90   91   92   94   95   95   
not find
